596 165
635 167
678 163
723 163
772 167
801 167
840 160
873 167
919 166
947 166
986 166
1025 167
1054 165
1085 165
1127 166
1165 165
1185 166
1221 166
1265 166
1305 166
1341 165
1372 174
1402 197
1414 221
1401 248
1381 274
1342 282
1299 283
1273 276
1243 274
1206 271
1170 277
1132 274
1095 278
1051 284
1011 289
1000 297
976 304
943 330
931 365
935 388
965 406
997 421
1043 433
1085 416
1109 407
1149 402
1179 391
1227 376
1253 365
1302 351
1330 353
1364 360
1374 377
1370 407
1325 432
1284 449
1245 457
1212 470
1184 489
1145 505
1088 525
1052 538
1019 565
952 585
917 604
861 616
826 626
782 631
733 646
666 652
620 656
571 658
515 657
466 662
423 656
376 656
320 656
268 655
213 651
167 644
118 633
104 598
100 563
93 521
96 484
95 439
96 407
97 370
108 328
157 314
189 329
214 358
211 401
213 446
214 490
218 520
229 556
272 567
299 571
338 577
371 577
392 578
444 577
489 577
555 567
577 561
606 557
629 550
648 545
665 537
691 521
713 504
740 488
761 471
779 447
789 411
779 402
732 395
656 405
632 433
623 453
573 479
547 490
491 493
464 480
454 470
442 450
447 426
474 405
492 393
515 362
525 343
519 326
510 320
486 309
460 299
431 284
394 279
340 272
303 263
251 258
213 255
186 243
146 222
133 190
152 167
188 158
232 161
304 162
326 162
444 149
478 160
538 163
