782 177
802 179
824 179
849 183
891 179
924 179
961 180
992 178
1028 178
1070 179
1097 181
1134 180
1177 179
1228 178
1250 185
1266 186
1304 191
1322 201
1353 211
1373 223
1389 242
1402 258
1413 296
1418 324
1421 353
1419 376
1413 397
1403 413
1387 434
1376 444
1363 449
1342 460
1333 464
1310 470
1304 472
1280 478
1256 484
1232 486
1206 489
1172 490
1129 496
1070 495
1038 490
992 481
959 466
930 447
907 429
891 389
890 363
911 332
960 314
1005 309
1063 299
1112 300
1156 309
1187 322
1216 339
1253 365
1265 402
1279 442
1303 477
1321 497
1334 529
1316 562
1291 583
1255 595
1180 609
1120 612
1076 615
1017 619
927 622
842 626
779 632
682 632
611 640
497 641
396 643
278 641
221 641
119 626
73 602
71 555
81 494
82 446
112 396
137 361
176 329
216 313
281 307
318 324
339 338
350 358
342 388
315 423
270 448
224 478
213 506
240 521
292 527
324 542
372 553
412 553
474 551
539 555
597 546
640 530
687 517
712 502
728 455
733 418
723 375
697 339
671 308
638 287
578 273
519 286
487 289
437 292
380 275
319 231
299 182
323 168
369 184
436 183
488 183
570 181
602 182
662 181
693 181
716 182
748 180
