600 194
614 200
630 190
639 184
650 184
666 177
688 171
716 168
743 173
757 180
780 198
784 210
800 224
817 232
844 235
866 246
889 251
921 242
955 235
979 231
998 227
1013 221
1035 216
1056 210
1069 209
1091 199
1126 189
1150 186
1182 180
1205 174
1228 163
1248 158
1287 160
1303 160
1348 157
1367 156
1385 165
1408 176
1410 193
1420 215
1423 234
1422 244
1417 256
1410 264
1394 269
1380 273
1357 280
1333 286
1313 289
1291 296
1265 304
1240 305
1225 305
1205 304
1177 309
1146 309
1126 308
1084 304
1060 309
1038 309
990 309
969 309
956 309
946 309
914 309
882 312
847 313
813 316
785 319
757 321
734 322
694 323
673 321
652 316
623 314
589 312
563 304
537 298
506 290
481 289
440 277
411 271
398 265
385 263
357 265
326 262
280 264
233 272
210 272
183 288
166 308
158 330
162 344
163 358
174 379
181 383
200 397
220 410
238 418
251 422
283 429
304 435
328 423
354 431
370 435
398 431
412 423
433 417
472 417
482 413
493 408
508 405
528 404
544 401
568 400
590 400
605 403
642 403
665 403
688 403
715 399
744 400
759 401
774 406
800 403
808 401
824 400
855 404
879 408
892 414
920 422
922 422
972 426
968 424
982 431
1008 438
1031 444
1058 446
1073 453
1111 459
1142 460
1167 452
1184 444
1204 435
1221 425
1236 410
1246 397
1274 385
1292 369
1312 360
1346 361
1392 360
1419 365
1431 372
1461 391
1467 407
1464 420
1459 436
1454 452
1445 468
1431 487
1415 504
1395 521
1385 526
1367 533
1350 543
1329 551
1312 553
1278 556
1264 557
1239 558
1206 557
1192 555
1179 548
1155 542
1116 536
1092 527
1063 515
1034 505
1012 502
939 495
919 495
904 495
868 495
855 495
840 494
828 494
807 495
784 496
752 500
716 503
688 501
654 501
627 505
587 506
537 512
524 512
502 511
476 516
440 515
420 513
405 505
379 501
350 492
347 494
327 501
307 494
288 487
253 486
226 485
212 485
196 485
176 491
169 508
175 519
186 526
185 544
188 553
184 578
201 582
221 591
242 593
270 592
290 591
309 588
343 581
384 581
414 579
457 575
481 570
517 570
559 566
584 563
605 556
628 554
655 547
694 545
719 548
748 549
763 552
789 556
807 562
832 569
866 576
889 581
905 585
921 593
931 596
958 602
976 604
990 607
1019 612
1043 617
1070 614
1086 614
1105 611
1131 613
1145 612
1174 612
1194 604
1221 602
1244 602
1273 602
1294 602
1343 598
1354 596
1376 595
1390 595
1411 593
1423 593
1441 599
1447 604
1450 617
1451 626
1453 644
1449 650
1443 656
1417 670
1377 666
1351 664
1318 665
1288 666
1258 667
1222 667
1176 663
1141 663
1105 662
1078 662
1044 662
1000 659
961 659
917 659
895 659
855 655
829 654
802 653
759 648
724 650
707 650
689 649
670 650
626 652
604 654
561 654
535 660
502 657
480 657
454 657
416 654
384 651
366 651
317 653
295 652
240 654
207 652
183 648
142 645
113 639
82 629
72 616
73 597
75 576
69 560
74 530
72 510
66 485
69 468
71 445
68 423
62 401
62 377
63 359
63 333
58 309
65 287
66 264
74 246
82 222
105 204
120 184
148 173
181 157
214 155
259 145
282 149
335 150
342 153
355 158
377 167
398 167
414 173
440 174
460 178
485 181
506 185
534 188
557 191
584 196
