430 685
421 684
407 684
394 684
373 683
357 681
339 677
320 675
304 668
289 657
275 648
271 634
267 626
266 621
256 621
248 611
242 596
234 583
223 575
212 563
211 549
213 533
211 512
202 507
189 505
170 494
160 476
151 455
147 437
156 423
171 411
188 402
201 396
219 383
242 372
259 362
281 351
302 349
330 344
359 332
391 324
423 315
457 304
485 294
521 286
541 279
556 281
566 282
577 271
598 264
615 257
661 243
702 234
749 222
799 204
827 197
866 186
898 176
920 170
936 169
956 157
960 144
973 150
986 150
1012 147
1039 139
1074 135
1112 135
1154 134
1200 133
1240 135
1265 134
1287 132
1294 136
1306 142
1301 164
1292 192
1283 224
1273 249
1266 273
1256 303
1239 331
1231 348
1222 360
1211 379
1198 397
1186 419
1174 436
1156 454
1148 473
1133 489
1119 499
1103 508
1095 506
1085 512
1090 537
1097 557
1099 578
1078 584
1051 589
1024 595
998 601
974 606
959 614
931 626
912 637
896 643
886 643
877 658
846 672
824 673
805 661
791 652
760 644
744 648
721 657
703 664
686 662
670 648
643 638
626 642
605 642
580 642
546 651
524 658
499 661
479 672
461 683
439 684
