747 168
787 165
816 162
866 163
942 169
962 171
1055 174
1083 200
1094 230
1101 266
1102 309
1089 357
1066 405
1048 428
1015 439
985 442
921 443
859 419
803 393
753 370
701 349
669 338
589 321
553 324
512 335
461 355
440 373
386 394
351 415
321 439
256 463
237 500
211 531
214 563
251 571
322 570
369 558
413 540
470 518
559 493
605 473
664 479
766 509
839 536
902 544
1024 549
1101 546
1168 532
1230 509
1304 490
1345 466
1361 396
1353 355
1333 328
1297 311
1220 279
1200 264
1181 228
1184 195
1212 171
1265 174
1349 212
1379 242
1416 274
1483 366
1474 420
1450 471
1433 504
1406 537
1378 569
1335 591
1276 604
1232 610
1156 628
1090 632
1024 635
960 638
850 635
801 638
718 633
651 642
574 644
508 650
460 653
365 656
306 662
184 666
159 653
131 603
108 578
77 536
67 498
109 460
155 428
218 370
273 332
294 301
258 260
181 269
146 266
67 257
69 220
89 194
118 188
170 186
272 178
338 176
444 173
490 170
585 162
641 158
689 157
712 164
