386 578
375 591
361 602
347 612
325 627
301 637
295 633
287 628
286 609
296 594
304 568
321 542
329 531
345 510
353 492
363 476
371 472
381 460
394 453
406 441
422 424
428 416
441 406
454 391
461 368
471 356
493 351
514 344
544 328
555 318
578 299
599 284
630 272
643 250
678 243
709 231
743 221
773 204
803 187
833 182
855 173
879 162
896 151
927 144
944 138
967 131
974 142
983 153
995 153
1014 149
1039 140
1059 142
1081 165
1094 186
1124 214
1137 230
1146 244
1156 261
1149 277
1140 283
1124 291
1107 278
1095 259
1079 246
1063 230
1053 230
1035 238
1017 250
1003 255
973 265
954 271
935 275
909 283
872 289
857 301
844 324
846 354
853 389
872 401
899 408
923 422
952 426
974 430
1006 440
1026 447
1043 468
1043 491
1025 512
1040 529
1061 550
1078 553
1104 566
1128 584
1131 601
1119 632
1110 658
1089 678
1074 683
1027 671
982 659
956 632
939 613
916 585
904 564
884 540
867 518
846 495
823 480
799 471
745 456
722 456
699 462
675 473
648 487
626 500
615 507
585 515
567 519
542 523
523 525
504 525
501 512
486 506
476 519
468 530
443 542
417 554
