728 168
747 167
764 164
786 163
803 162
831 165
858 168
886 171
917 166
944 165
965 166
980 170
1004 170
1048 166
1064 168
1091 167
1118 164
1130 165
1177 169
1215 166
1261 168
1313 170
1344 173
1395 170
1419 200
1420 215
1418 235
1408 260
1375 278
1315 278
1243 270
1189 264
1156 262
1124 267
1084 275
1050 286
1024 293
989 307
967 320
949 345
939 369
943 391
976 410
1019 417
1045 419
1095 408
1137 388
1175 375
1226 367
1286 351
1320 346
1362 349
1386 365
1384 390
1365 419
1325 437
1271 455
1209 477
1174 494
1116 520
1085 530
1055 545
1020 570
978 587
917 609
876 625
771 633
677 645
599 647
539 654
468 652
400 654
364 658
333 659
286 659
234 657
189 654
153 648
129 636
109 610
96 580
85 546
91 490
77 443
77 408
79 367
92 322
159 298
190 314
213 348
219 398
220 441
215 478
221 525
232 560
260 571
301 571
357 570
405 569
446 569
492 569
529 558
585 573
626 560
676 556
714 532
737 506
758 481
775 450
787 413
757 385
731 385
692 406
666 429
604 452
562 470
499 477
425 458
415 415
449 392
490 369
507 344
472 309
421 285
352 266
286 256
243 246
189 238
125 218
115 200
113 170
144 160
199 162
252 163
300 162
399 180
442 174
502 162
569 161
607 164
637 163
675 159
679 158
