382 183
401 190
439 195
470 193
513 194
545 206
579 233
614 250
647 249
662 244
680 234
714 210
737 195
774 189
818 204
856 229
893 225
960 209
986 181
1054 179
1090 200
1107 216
1129 221
1168 205
1221 195
1290 188
1371 186
1417 208
1418 229
1411 260
1392 280
1386 310
1396 346
1405 369
1407 387
1407 405
1409 413
1413 433
1413 451
1414 465
1412 493
1412 513
1410 544
1403 580
1386 606
1371 615
1350 626
1311 638
1269 641
1230 638
1189 626
1161 612
1133 593
1135 573
1152 546
1175 522
1197 503
1219 483
1243 461
1266 434
1267 400
1231 385
1170 381
1164 381
1130 376
1073 376
1035 373
977 362
930 357
905 357
862 361
820 361
777 359
732 358
700 358
653 358
614 358
585 357
563 358
534 358
479 362
450 366
424 367
393 371
351 368
325 372
295 382
263 393
259 420
260 443
279 479
303 494
353 516
377 527
405 533
458 540
488 535
523 532
564 531
595 526
630 515
681 518
717 511
768 499
810 493
850 490
899 489
941 492
975 511
991 537
986 571
967 599
917 611
877 614
816 614
737 613
682 621
635 629
597 632
562 637
508 638
448 640
384 640
339 636
277 626
238 613
210 600
179 579
141 551
112 517
91 476
78 436
80 402
78 355
87 326
109 294
122 270
144 249
175 223
194 209
239 193
271 190
322 187
350 186
