393 614
381 623
374 626
353 643
330 654
329 659
310 665
302 673
284 678
275 680
271 658
273 639
279 615
293 593
298 580
309 564
319 551
328 536
339 515
348 502
357 495
373 479
393 471
409 451
424 439
432 418
442 397
448 384
468 372
485 365
502 358
532 353
560 341
584 327
601 305
632 289
652 277
666 267
695 261
733 250
775 234
794 226
824 205
845 205
868 203
896 198
924 187
944 184
981 173
1032 160
1065 157
1091 143
1127 140
1139 143
1176 162
1205 144
1223 137
1246 145
1253 153
1275 183
1285 201
1323 228
1326 243
1338 258
1348 277
1348 289
1346 304
1336 311
1319 313
1302 311
1286 300
1281 280
1268 264
1256 256
1237 244
1217 249
1200 262
1175 271
1161 279
1144 286
1125 300
1105 309
1077 314
1056 315
1027 316
1000 319
982 329
979 347
975 372
979 392
994 412
1003 421
1025 431
1059 443
1078 454
1101 462
1124 466
1137 469
1168 477
1191 482
1208 491
1213 504
1197 528
1196 541
1200 554
1202 569
1226 578
1255 585
1283 597
1299 617
1288 629
1269 642
1264 654
1247 670
1240 680
1219 689
1198 690
1172 682
1155 673
1134 663
1107 656
1086 627
1060 591
1042 565
1034 544
1011 516
986 498
966 489
941 482
918 473
896 473
863 471
831 477
817 484
800 494
774 500
751 517
721 524
702 528
667 530
657 534
619 540
584 540
563 545
545 547
535 545
533 529
528 520
523 522
509 530
482 545
465 557
454 568
437 579
415 588
396 602
